image_width: 648
image_height: 516
camera_name: 15360545
camera_matrix:
  rows: 3
  cols: 3
  data: [373.6923765326305, 0, 316.0805946928095, 0, 373.8674962555741, 249.3957040372051, 0, 0, 1]
distortion_model: plumb_bob
distortion_coefficients:
  rows: 1
  cols: 5
  data: [-0.322761147656521, 0.07870063410850582, -0.000879776070321535, 0.001831649804627759, 0]
rectification_matrix:
  rows: 3
  cols: 3
  data: [0.9766640759478032, 0.06715240196873634, -0.2040045040258985, -0.06186360115603641, 0.9975650648125551, 0.03219994281873093, 0.2056700697841823, -0.01882807412753475, 0.9784402516350283]
projection_matrix:
  rows: 3
  cols: 4
  data: [316.7240431745792, 0, 414.947208404541, -88.83526676746946, 0, 316.7240431745792, 247.4863357543945, 0, 0, 0, 1, 0]