image_width: 648
image_height: 516
camera_name: 15360549
camera_matrix:
  rows: 3
  cols: 3
  data: [374.773450072428, 0, 334.252625774633, 0, 375.4630551781103, 251.7393447834264, 0, 0, 1]
distortion_model: plumb_bob
distortion_coefficients:
  rows: 1
  cols: 5
  data: [-0.3106002705530865, 0.07535808235619804, 0.0009625068107251812, -0.001271138805933137, 0]
rectification_matrix:
  rows: 3
  cols: 3
  data: [0.998135617749324, 0.0414119360301797, 0.04483681672919856, -0.03975989797253883, 0.998519120060912, -0.03713108382467937, -0.04630808885485058, 0.03527915003248192, 0.998304033087915]
projection_matrix:
  rows: 3
  cols: 4
  data: [327.6064855571187, 0, 311.3664646148682, 0, 0, 327.6064855571187, 254.9724140167236, 0, 0, 0, 1, 0]