image_width: 648
image_height: 516
camera_name: 15360549
camera_matrix:
  rows: 3
  cols: 3
  data: [366.8177533222425, 0, 337.235358691549, 0, 367.3003960725152, 247.8921526312369, 0, 0, 1]
distortion_model: plumb_bob
distortion_coefficients:
  rows: 1
  cols: 5
  data: [-0.3308864015497388, 0.09435582021577554, 0.002304366848793374, -0.0001517681807724038, 0]
rectification_matrix:
  rows: 3
  cols: 3
  data: [0.9938993552204124, 0.03876985011622053, -0.1032519753535715, -0.04141097017346827, 0.9988644077741016, -0.02355899894701993, 0.1022213443549872, 0.02769103833479989, 0.9943761879460911]
projection_matrix:
  rows: 3
  cols: 4
  data: [316.7240431745792, 0, 414.947208404541, 0, 0, 316.7240431745792, 247.4863357543945, 0, 0, 0, 1, 0]